COCO	[[0.20	0.04	0.18	0.17	0.02	0.15	0.16	0.03	0.01	0.00	0.02	0.02]
CALTECH	 [0.01	0.98	0.00	0.00	0.00	0.00	0.01	0.00	0.00	0.00	0.00	0.00]
IMAGENET [0.16	0.04	0.24	0.17	0.02	0.13	0.13	0.03	0.01	0.02	0.03	0.03]
PASCAL	 [0.17	0.03	0.18	0.22	0.02	0.14	0.15	0.04	0.01	0.01	0.02	0.02]
CAM2	 [0.00	0.00	0.00	0.00	1.00	0.00	0.00	0.00	0.00	0.00	0.00	0.00]
INRIA	 [0.14	0.04	0.13	0.15	0.01	0.29	0.14	0.05	0.01	0.00	0.02	0.02]
SUN	 [0.17	0.04	0.13	0.14	0.03	0.16	0.23	0.04	0.01	0.00	0.01	0.04]
KITTI	 [0.03	0.01	0.02	0.03	0.01	0.03	0.03	0.84	0.00	0.00	0.00	0.00]
USPS	 [0.00	0.00	0.00	0.00	0.00	0.00	0.00	0.00	0.97	0.03	0.00	0.00]
MNIST	 [0.00	0.00	0.00	0.00	0.00	0.00	0.00	0.00	0.03	0.97	0.00	0.00]
MNIST_M	 [0.02	0.00	0.02	0.03	0.01	0.02	0.01	0.00	0.00	0.01	0.83	0.05]
SVHN	 [0.00	0.00	0.01	0.01	0.00	0.00	0.00	0.00	0.00	0.00	0.01	0.97]]

